plank 0.33 0.6514285714285715 0.04285714285714286 0.2042857142857143
plank 0.6871428571428572 0.5414285714285715 0.04285714285714286 0.2042857142857143
plank 1.0614285714285714 0.4228571428571429 0.04285714285714286 0.2042857142857143
plank 1.3657142857142857 0.41714285714285715 0.04285714285714286 0.2042857142857143
plank 1.677857142857143 0.41285714285714287 0.04285714285714286 0.2042857142857143
plank 2.0764285714285715 0.41285714285714287 0.04285714285714286 0.2042857142857143
plank 2.4714285714285715 0.41285714285714287 0.04285714285714286 0.2042857142857143
plank 2.692857142857143 0.20714285714285716 0.04285714285714286 0.2042857142857143
plank 2.9035714285714285 -0.024285714285714285 0.047142857142857146 0.36214285714285716
plank 3.367857142857143 -0.024285714285714285 0.04285714285714286 0.2042857142857143
plank 3.392857142857143 0.15714285714285714 0.04285714285714286 0.2042857142857143
plank 3.4285714285714284 0.3242857142857143 0.04285714285714286 0.2042857142857143
plank 3.462142857142857 0.5042857142857143 0.04285714285714286 0.2042857142857143
plank 3.8585714285714285 0.5042857142857143 0.04285714285714286 0.2042857142857143
plank 4.062142857142857 0.5042857142857143 0.04285714285714286 0.2042857142857143
plank 4.392142857142857 0.4957142857142857 0.04285714285714286 0.2042857142857143
plank 4.462142857142857 0.7171428571428572 0.04285714285714286 0.2042857142857143
plank 4.527142857142858 0.9671428571428572 0.04285714285714286 0.2042857142857143
plank 4.924285714285714 0.9671428571428572 0.04285714285714286 0.2042857142857143
plank 5.3221428571428575 0.9671428571428572 0.04285714285714286 0.2042857142857143
plank 5.719285714285714 0.9671428571428572 0.04285714285714286 0.2042857142857143
cp 2.1342857142857143 0.21428571428571427
cp 4.014285714285714 0.32142857142857145
ennemy 0.7707142857142857 0.34714285714285714 0
ennemy 1.0492857142857144 0.2357142857142857 0
ennemy 1.2028571428571428 0.21857142857142858 2
ennemy 1.747142857142857 0.18428571428571427 1
ennemy 2.210714285714286 0.2 3
ennemy 2.894285714285714 -0.22428571428571428 2
ennemy 3.0092857142857143 -0.23142857142857143 3
ennemy 3.12 -0.2357142857142857 0
ennemy 3.19 -0.22857142857142856 3
ennemy 4.1814285714285715 0.28714285714285714 1
ennemy 3.8535714285714286 0.29285714285714287 1
ennemy 4.5285714285714285 0.7828571428571428 0
ennemy 5.331428571428572 0.7685714285714286 0
ennemy 5.731428571428571 0.7542857142857143 1
spawn 0.32357142857142857 0.42142857142857143
finish 0.5714285714285714 0.5