ennemy 0.26071428571428573 0.15857142857142856 0
ennemy 0.3707142857142857 0.19 0
ennemy 0.47714285714285715 0.17857142857142858 0
ennemy 0.595 0.18571428571428572 0
ennemy 0.40285714285714286 0.45285714285714285 0
ennemy 0.11785714285714285 0.18428571428571427 1
ennemy 0.17214285714285715 0.06285714285714286 1
ennemy 0.17214285714285715 0.06285714285714286 1
ennemy 0.17214285714285715 0.06285714285714286 1
ennemy 0.17214285714285715 0.06285714285714286 1
ennemy 0.17214285714285715 0.06285714285714286 1
ennemy 0.17214285714285715 0.06285714285714286 1
ennemy 0.17214285714285715 0.06285714285714286 1
ennemy 0.3007142857142857 0.03857142857142857 1
ennemy 0.3007142857142857 0.03857142857142857 1
ennemy 0.3007142857142857 0.03857142857142857 1
ennemy 0.3007142857142857 0.03857142857142857 1
ennemy 0.3007142857142857 0.03857142857142857 1
ennemy 0.3007142857142857 0.03857142857142857 1
ennemy 0.3007142857142857 0.03857142857142857 1
ennemy 0.3007142857142857 0.03857142857142857 1
ennemy 0.3007142857142857 0.03857142857142857 1
ennemy 0.3007142857142857 0.03857142857142857 1
ennemy 0.3142857142857143 0.03571428571428571 1
ennemy 0.3142857142857143 0.03571428571428571 1
ennemy 0.3142857142857143 0.03571428571428571 1
ennemy 0.3264285714285714 0.03571428571428571 1
ennemy 0.3264285714285714 0.03571428571428571 1
ennemy 0.3264285714285714 0.03571428571428571 1
ennemy 0.3264285714285714 0.03571428571428571 1
ennemy 0.3264285714285714 0.03571428571428571 1
ennemy 0.33214285714285713 0.03142857142857143 1
spawn 0.21428571428571427 0.5
finish 0.5714285714285714 0.5