plank 0.3028571428571429 0.6828571428571428 0.04285714285714286 0.2042857142857143
plank 0.5392857142857143 0.54 0.04285714285714286 0.2042857142857143
plank 0.7728571428571429 0.37857142857142856 0.04285714285714286 0.2042857142857143
plank 1.0778571428571428 0.3757142857142857 0.04285714285714286 0.2042857142857143
plank 1.3792857142857142 0.36142857142857143 0.04285714285714286 0.2042857142857143
plank 1.502857142857143 0.66 0.04285714285714286 0.2042857142857143
plank 1.8614285714285714 0.6542857142857142 0.04285714285714286 0.2042857142857143
plank 2.2664285714285715 0.6571428571428571 0.04 0.38142857142857145
plank 2.702857142857143 0.6585714285714286 0.04285714285714286 0.2042857142857143
plank 2.9985714285714287 0.48714285714285716 0.04285714285714286 0.2042857142857143
plank 3.2864285714285715 0.3142857142857143 0.04285714285714286 0.2042857142857143
plank 3.69 0.3142857142857143 0.04285714285714286 0.2042857142857143
plank 3.9 0.6242857142857143 0.04285714285714286 0.2042857142857143
plank 4.147857142857143 0.62 0.04285714285714286 0.2042857142857143
plank 4.377142857142857 0.6185714285714285 0.04285714285714286 0.2042857142857143
plank 4.770714285714286 0.6185714285714285 0.04285714285714286 0.2042857142857143
cp 2.762142857142857 0.4757142857142857
ennemy 0.8935714285714286 0.1742857142857143 3
ennemy 1.5035714285714286 0.45285714285714285 2
ennemy 2.577857142857143 0.46285714285714286 3
ennemy 2.4514285714285715 0.4614285714285714 3
ennemy 3.1364285714285716 0.2957142857142857 0
ennemy 3.4185714285714286 0.12428571428571429 0
ennemy 3.8764285714285713 0.4342857142857143 2
ennemy 4.28 0.42714285714285716 2
ennemy 4.149285714285714 0.4228571428571429 2
ennemy 4.355 0.4228571428571429 2
ennemy 4.412857142857143 0.42142857142857143 2
ennemy 4.467142857142857 0.42 2
spawn 0.305 0.4471428571428571
finish 4.9592857142857145 0.12