plank 246 381 6 26
plank 238 365 11 17
plank 195 324 26 30
plank 213 298 26 6
plank 226 453 20 3
plank 185 638 20 277
plank 38 699 20 212
plank 190 719 20 30
plank 596 661 20 70
plank 426 759 20 120
plank 270 779 20 138
plank 296 799 20 56
plank 302 803 8 25
plank 442 721 31 88
plank 422 632 60 54
plank 436 470 111 20
plank 404 624 27 109
plank 417 577 37 48
plank 425 532 41 20
plank 439 525 24 3
plank 460 630 2 38
plank 430 574 29 34
plank 416 521 41 24
plank 428 488 37 6
plank 453 601 4 47
plank 418 549 28 41
plank 395 517 30 32
plank 399 509 19 14
plank 480 704 32 110
plank 378 622 57 106
plank 330 523 78 77
plank 367 447 77 20
plank 470 732 15 62
plank 442 677 35 45
plank 425 596 58 31
plank 450 516 69 3
plank 415 719 17 43
plank 372 638 49 43
plank 363 571 58 26
plank 359 699 23 61
plank 352 646 38 34
plank 364 540 72 11
plank 420 751 4 60
plank 364 681 37 58
plank 340 596 61 41
plank 363 499 79 9
plank 326 711 36 131
plank 357 651 48 50
plank 351 539 80 28
plank 402 744 14 78
plank 384 668 45 48
plank 398 475 119 17
plank 626 632 31 65
plank 611 555 54 40
plank 695 665 33 43
plank 696 540 79 21
plank 716 634 8 120
plank 680 554 44 78
plank 680 464 67 39
plank 880 639 2 46
plank 816 521 60 55
plank 817 355 113 27
plank 722 549 24 37
plank 689 635 8 32
plank 669 521 61 26
plank 545 613 24 48
plank 575 485 76 9
plank 606 628 35 16
plank 750 532 18 4
plank 789 566 4 13
plank 669 542 28 21
plank 467 626 5 14
plank 462 621 16 34
plank 464 604 7 50
plank 326 602 19 24
plank -130 724 13 130
plank -12 693 7 151
plank 69 650 25 35
plank 273 637 8 49
plank 266 515 65 28
plank 39 476 31 85
plank 56 401 53 34
plank -99 464 33 105
plank -40 395 51 13
plank -120 522 23 20
plank 0 464 14 62
plank 10 396 41 26
plank 19 295 20 57
plank 189 253 31 14
plank 563 219 3 6
plank 259 385 3 70
plank 313 294 47 8
plank 276 401 24 172
plank 262 283 71 93
plank 369 495 2 45
plank 390 463 17 12
plank 333 553 17 27
plank 164 624 10 4
plank -154 590 20 404
plank -464 739 20 367
plank -144 561 20 445
plank -619 746 20 470
plank -455 291 20 262
plank -523 379 20 165
plank -376 399 20 9
plank -126 301 20 295
plank -311 427 20 240
plank -451 459 20 190
plank -199 465 20 366
plank -177 519 20 172
plank -25 539 20 10
plank 522 44 209 20
plank 759 13 120 20
plank 779 105 14 20
plank 351 392 20 234
plank -137 579 20 361
plank -102 599 20 163
plank 47 619 20 7
plank 362 642 20 156
plank 208 699 20 155
plank 275 719 20 44
plank 693 469 155 20
plank 773 550 37 20
plank 482 779 20 178
plank 114 799 20 273
plank 221 819 20 83
plank 593 703 88 20
plank 846 481 155 20
plank 899 560 38 20
plank 875 757 20 42
plank 589 876 20 174
plank 747 899 20 8
plank 915 662 126 20
plank 979 574 107 20
plank 999 619 31 20
plank 971 822 20 34
plank 515 955 20 255
plank 498 979 20 136
plank 600 999 20 17
plank 911 922 20 20
plank 585 1059 20 173
plank 404 1079 20 177
plank 543 1099 20 19
plank 904 1264 20 9
plank 657 1299 20 128
plank 389 1319 20 198
plank 293 1339 20 147
plank 368 1359 20 36
plank 382 1379 20 11
plank 450 1272 3 2
plank 210 1309 20 121
plank -213 1395 20 272
plank -313 1439 20 186
plank -209 1445 7 41
plank -207 1333 42 79
plank -178 1271 52 25
plank -399 1405 2 105
plank -388 1351 28 47
plank 13 1237 12 9
plank 122 1111 9 41
plank 135 1036 42 14
plank 309 1042 14 38
plank 295 978 39 26
plank -125 1145 30 206
plank -127 1059 58 104
plank -93 1009 54 35
plank -22 1128 38 177
plank -35 1040 63 95
plank -32 943 80 46
plank 200 1135 18 113
plank 131 1027 63 91
plank 142 952 69 40
plank 288 1011 43 107
plank 303 950 52 46
plank 936 580 20 20
plank 551 809 54 78
plank 529 727 68 50
plank 557 619 88 11
plank 848 490 70 20
plank 413 828 22 255
plank 222 694 78 223
plank 361 696 38 42
plank 252 806 26 182
plank 312 736 48 61
plank 353 556 124 10
plank -169 746 40 88
plank -117 716 35 18
plank -117 659 46 9
plank 20 968 8 50
plank 2 928 24 34
plank -6 850 51 21
plank -121 946 51 99
plank -74 779 109 26
plank -422 677 25 22
plank -374 370 20 118
plank -366 312 49 55
plank -337 239 61 13
plank -314 347 9 3
plank -31 708 20 194
plank -219 789 20 191
plank -199 696 68 29
plank 387 753 16 92
plank 407 605 82 36
plank 731 246 138 20
plank 955 334 25 20
plank 436 647 44 106
plank 498 509 91 22
plank 809 105 148 20
plank 1036 159 47 20
plank 812 418 45 37
plank 1051 67 53 20
plank 1134 80 20 20
plank 769 337 24 46
plank 753 243 59 31
plank 580 509 2 29
plank 1038 -281 341 20
plank 91 510 20 466
plank -653 719 20 605
plank -130 739 20 41
plank -835 672 20 805
plank 757 40 20 4
plank 819 -366 386 20
plank 1119 -20 20 20
plank 1054 -327 302 20
plank 1159 -95 35 20
plank 774 478 20 17
plank -209 599 20 500
plank -689 619 20 500
plank -299 567 36 55
plank 882 269 20 70
plank -806 659 20 889
plank -663 679 20 383
plank 220 646 20 187
plank -383 719 20 395
plank -210 627 66 9
plank 591 713 20 33
plank -294 779 20 459
plank -667 799 20 426
plank -309 569 99 261
plank -68 336 176 10
plank 815 97 23 20
plank 1059 80 20 20
plank 50 448 35 146
plank 916 -104 164 20
plank 228 559 42 89
plank 933 -88 235 20
plank 1159 349 20 20
plank 549 739 20 325
plank 324 759 20 275
plank 815 219 290 20
plank 1199 35 237 20
plank 621 732 25 209
plank 784 611 73 23
plank 1125 -98 401 20
plank 1279 -83 203 20
plank 516 559 39 76
plank 1202 40 20 20
plank 441 372 51 232
plank 629 203 120 22
plank 926 -269 306 20
plank 1356 -37 37 20
plank 699 281 58 29
plank 1273 -250 210 20
plank 908 290 44 92
plank 1408 -332 252 20
plank 841 379 38 253
plank 1026 321 48 34
plank 1174 -69 219 20
plank 1579 -20 85 20
plank 1127 466 18 156
plank 1211 370 57 36
plank 677 421 11 114
plank 717 344 44 37
plank 893 289 16 31
plank 1607 -205 110 20
plank 938 318 23 96
plank 1002 243 49 16
plank 1614 -128 26 20
plank 579 446 4 155
plank 722 336 57 6
plank 669 433 16 96
plank 790 403 20 325
plank 687 496 11 33
plank 1623 -52 63 20
plank 851 253 38 129
plank 930 231 30 25
plank 1256 145 3 3
plank 762 375 37 129
plank 867 288 62 12
plank 1404 -199 167 20
plank 1702 -40 4 20
plank 1545 295 20 117
plank 936 559 20 363
plank 677 579 20 311
plank 724 599 20 132
plank 1488 -44 268 20
plank 1779 208 8 20
plank 1179 639 20 330
plank 353 659 20 578
plank 681 679 20 125
plank 1434 109 305 20
plank 1839 -60 237 20
plank 1717 477 20 81
plank -4 719 20 901
plank 1798 -252 491 20
plank 1031 535 20 444
plank -495 739 20 995
plank 1530 -387 593 20
plank 1161 286 20 359
plank -363 609 20 1092
plank 1533 -391 595 20
plank 753 517 20 573
plank -794 759 20 1307
plank 1059 39 390 20
plank 1305 284 20 287
plank -692 779 20 1152
plank 440 779 20 20
plank 1819 -599 719 20
plank 1815 137 20 22
plank -957 779 20 1417
plank 1609 -599 719 20
plank 1799 100 20 20
plank -979 779 20 1419
plank 996 -271 555 20
plank 1799 -64 184 20
plank 1839 523 20 20
plank -85 799 20 992
plank 1212 -287 427 20
plank 1839 100 20 20
plank -627 779 20 1273
plank 334 799 20 166
plank 1295 -579 719 20
plank 1859 100 20 20
plank -121 779 20 1030
plank 111 799 20 409
plank 700 -1 430 20
plank 1879 -169 309 20
plank 1795 706 20 72
plank 24 481 169 516
plank 984 -170 290 20
plank 1899 80 20 20
plank 43 759 20 968
plank 89 779 20 471
plank 1087 -119 396 20
plank 1899 -57 177 20
plank 1919 80 20 20
plank 1939 60 20 20
plank 1959 49 20 20
plank 1979 29 20 20
plank 1999 9 20 20
plank 2019 -11 20 20
plank 2039 -31 20 20
plank 2059 -51 20 20
plank 2079 -71 20 20
plank 2099 -91 20 20
plank 2119 -111 20 20
plank 2139 -131 20 20
plank 2159 -151 20 20
plank 2179 -171 20 20
plank 2199 -191 20 20
plank 2219 -211 20 20
plank 2239 -231 20 20
plank 2259 -251 20 20
plank 2279 -271 20 20
plank 2299 -291 20 20
plank 1887 -258 51 286
plank 1593 -279 36 290
plank 1773 -283 20 55
plank 2116 342 20 36
plank 1648 304 51 205
plank 1437 201 77 208
plank 1485 208 35 80
plank 1533 239 2 16
plank 1802 320 2 36
plank 1654 210 56 92
plank 1514 128 69 116
plank 1442 97 50 94
plank 1422 85 31 57
plank 1487 41 63 84
plank 1393 -38 71 89
plank 1336 -83 58 73
plank 1369 -141 58 20
plank 1552 -115 7 76
plank 981 317 17 328
plank 1015 78 128 147
plank 1549 344 20 119
plank 1024 419 20 332
plank 997 149 155 43
plank 1324 257 6 190
plank 1136 51 106 189
plank 1251 -15 86 37
plank 1028 136 23 355
plank 1015 43 58 184
plank 1191 -3 52 4
plank 1470 377 20 112
plank 764 459 20 419
plank 797 479 20 203
plank 960 499 20 20
plank 1481 539 20 161
plank 1130 559 20 266
plank 482 579 20 467
plank 851 585 7 49
plank 860 368 122 20
plank 840 218 136 20
plank 1555 494 20 23
plank 1288 619 20 145
plank 983 625 7 225
plank 904 482 85 152
plank 966 371 98 45
plank 1005 512 2 115
plank 1469 559 13 18
plank 1483 430 71 2
plank 1931 498 20 10
plank 1783 626 20 79
plank 1747 558 57 22
plank 1745 423 96 12
plank 1862 458 14 106
plank 1860 398 37 54
spawn 280 139