plank 0.33 0.6514285714285715 0.04285714285714286 0.2042857142857143
plank 0.6978571428571428 0.44571428571428573 0.04285714285714286 0.2042857142857143
plank 1.0707142857142857 0.23857142857142857 0.04285714285714286 0.2042857142857143
plank 1.3485714285714285 0.23714285714285716 0.04285714285714286 0.2042857142857143
plank 1.3907142857142858 0.48714285714285716 0.04285714285714286 0.2042857142857143
plank 2.4892857142857143 -0.15 0.04285714285714286 0.2042857142857143
plank 1.7978571428571428 0.48714285714285716 0.04285714285714286 0.2042857142857143
plank 2.1392857142857142 0.16428571428571428 0.04285714285714286 0.2042857142857143
plank 2.895714285714286 -0.15 0.04285714285714286 0.2042857142857143
plank 3.217857142857143 -0.03571428571428571 0.045714285714285714 0.016428571428571428
plank 3.4314285714285715 -0.03571428571428571 0.045714285714285714 0.016428571428571428
plank 3.6485714285714286 -0.03571428571428571 0.045714285714285714 0.016428571428571428
plank 3.862142857142857 -0.037142857142857144 0.045714285714285714 0.016428571428571428
plank 4.075 -0.032857142857142856 0.04285714285714286 0.2042857142857143
plank 4.097142857142857 0.1742857142857143 0.04285714285714286 0.2042857142857143
plank 4.126428571428572 0.3985714285714286 0.04285714285714286 0.2042857142857143
plank 4.53 0.4 0.04285714285714286 0.2042857142857143
plank 4.8742857142857146 0.14857142857142858 0.045714285714285714 0.016428571428571428
plank 4.985714285714286 0.3414285714285714 0.045714285714285714 0.016428571428571428
plank 5.062142857142857 0.22857142857142856 0.045714285714285714 0.016428571428571428
plank 5.175714285714286 0.3057142857142857 0.045714285714285714 0.016428571428571428
plank 5.245 0.11142857142857143 0.045714285714285714 0.016428571428571428
plank 5.332857142857143 0.5914285714285714 0.045714285714285714 0.016428571428571428
plank 5.4592857142857145 0.43 0.045714285714285714 0.016428571428571428
plank 5.676428571428572 0.4257142857142857 0.045714285714285714 0.016428571428571428
plank 5.924285714285714 0.9528571428571428 0.04285714285714286 0.2042857142857143
plank 6.3307142857142855 0.9528571428571428 0.04285714285714286 0.2042857142857143
plank 6.597142857142857 0.9514285714285714 0.045714285714285714 0.016428571428571428
plank 7.017857142857143 0.9514285714285714 0.045714285714285714 0.016428571428571428
plank 6.8 0.9514285714285714 0.045714285714285714 0.016428571428571428
plank 7.165 0.4014285714285714 0.045714285714285714 0.016428571428571428
plank 7.07 0.37857142857142856 0.045714285714285714 0.016428571428571428
plank 7.098571428571429 0.8228571428571428 0.045714285714285714 0.016428571428571428
plank 7.159285714285715 1.08 0.045714285714285714 0.016428571428571428
plank 7.367142857142857 1.0785714285714285 0.045714285714285714 0.016428571428571428
plank 7.55 0.8985714285714286 0.045714285714285714 0.016428571428571428
plank 7.729285714285714 0.6957142857142857 0.045714285714285714 0.016428571428571428
plank 8.047857142857143 0.5871428571428572 0.045714285714285714 0.016428571428571428
plank 8.4 1.1471428571428572 0.045714285714285714 0.016428571428571428
plank 8.280714285714286 1.1471428571428572 0.045714285714285714 0.016428571428571428
plank 8.615 1.1485714285714286 0.04285714285714286 0.2042857142857143
cp 2.9535714285714287 -0.33285714285714285
cp 6.3878571428571425 0.7714285714285715
ennemy 0.7564285714285715 0.18857142857142858 1
ennemy 1.0514285714285714 -0.04285714285714286 1
ennemy 1.2214285714285715 -0.04285714285714286 1
ennemy 1.3714285714285714 0.30142857142857143 0
ennemy 1.9307142857142856 0.28 0
ennemy 2.195 -0.08142857142857143 0
ennemy 2.5021428571428572 -0.4614285714285714 1
ennemy 2.5964285714285715 -0.46 1
ennemy 4.057857142857143 -0.3757142857142857 1
ennemy 4.210714285714285 -0.3914285714285714 1
ennemy 5.9278571428571425 0.7142857142857143 1
ennemy 6.02 0.72 1
spawn 0.31857142857142856 0.43714285714285717
finish 0.5714285714285714 0.5