plank 0.21 0.6971428571428572 0.09714285714285714 0.1657142857142857
plank 0.4607142857142857 0.7114285714285714 0.09714285714285714 0.12857142857142856
plank 0.21214285714285713 0.49714285714285716 0.06285714285714286 0.19071428571428573
plank 0.21571428571428572 0.40714285714285714 0.012857142857142857 0.13
plank 0.1757142857142857 0.21428571428571427 0.09285714285714286 0.19
plank 0.25 0.28 0.055714285714285716 0.12571428571428572
plank 0.2742857142857143 0.12714285714285714 0.02857142857142857 0.07857142857142857
plank 0.29285714285714287 0.07142857142857142 0.055714285714285716 0.062142857142857146
plank 0.3028571428571429 -0.28 0.44142857142857145 0.047142857142857146
plank 0.27785714285714286 -0.03857142857142857 0.06142857142857143 0.09785714285714285
plank 0.25857142857142856 -0.15714285714285714 0.07714285714285714 0.14
plank 0.2757142857142857 -0.18857142857142858 0.02857142857142857 0.11357142857142857
plank 0.28785714285714287 -0.5142857142857142 0.5728571428571428 0.11357142857142857
plank 0.2742857142857143 -0.32285714285714284 0.05285714285714286 0.15428571428571428
plank 0.2714285714285714 -0.9928571428571429 0.71 0.14
plank 0.25285714285714284 -0.9014285714285715 0.14857142857142858 0.225
plank 0.2735714285714286 -0.6242857142857143 0.014285714285714285 0.19357142857142856
plank 0.2392857142857143 -0.7585714285714286 0.037142857142857144 0.2307142857142857
plank 0.24571428571428572 -0.5385714285714286 0.007142857142857143 0.28285714285714286
plank 0.23714285714285716 -0.4742857142857143 0.04 0.21285714285714286
plank 0.25 -0.32571428571428573 0.03142857142857143 0.19357142857142856
plank 0.26 -1.1342857142857143 0.33285714285714285 0.22071428571428572
plank 0.23642857142857143 -1.0 0.05 0.305
plank 0.24857142857142858 -1.3214285714285714 0.39285714285714285 0.245
plank 0.2257142857142857 -1.2228571428571429 0.15428571428571428 0.30857142857142855
plank 0.29714285714285715 -1.54 0.2571428571428571 0.07285714285714286
plank 0.265 -1.41 0.032857142857142856 0.09857142857142857
plank 0.2764285714285714 -1.7157142857142857 0.26857142857142857 0.09
plank 0.26571428571428574 -1.6271428571428572 0.054285714285714284 0.08642857142857142
plank 0.2671428571428571 -1.9057142857142857 0.31142857142857144 0.07857142857142857
plank 0.26 -1.83 0.04857142857142857 0.11142857142857143
plank 0.27071428571428574 -2.145714285714286 0.5414285714285715 0.08714285714285715
plank 0.24071428571428571 -2.045714285714286 0.13142857142857142 0.13071428571428573
plank 0.25357142857142856 -2.4642857142857144 0.4657142857142857 0.08214285714285714
plank 0.24071428571428571 -2.2471428571428573 0.05714285714285714 0.10428571428571429
plank 0.23 -2.36 0.03857142857142857 0.115
plank 0.2392857142857143 -2.682857142857143 0.32 0.07928571428571428
plank 0.22428571428571428 -2.5542857142857143 0.027142857142857142 0.11142857142857143
plank 0.21428571428571427 -2.664285714285714 0.041428571428571426 0.13214285714285715
plank 0.24571428571428572 -3.0028571428571427 0.42857142857142855 0.06785714285714285
plank 0.21714285714285714 -2.7614285714285716 0.018571428571428572 0.12571428571428572
plank 0.22142857142857142 -2.822857142857143 0.027142857142857142 0.11
plank 0.22428571428571428 -2.9 0.03428571428571429 0.10928571428571429
plank 0.22142857142857142 -3.2214285714285715 0.3414285714285714 0.07285714285714286
plank 0.2042857142857143 -3.012857142857143 0.047142857142857146 0.13142857142857142
plank 0.20285714285714285 -3.08 0.037142857142857144 0.13857142857142857
plank 0.20214285714285715 -3.162857142857143 0.037142857142857144 0.12571428571428572
plank 0.20785714285714285 -3.5214285714285714 0.44 0.09428571428571429
plank 0.18928571428571428 -3.282857142857143 0.07142857142857142 0.12571428571428572
plank 0.1992857142857143 -3.337142857142857 0.012857142857142857 0.14357142857142857
plank 0.1792857142857143 -3.4414285714285713 0.03142857142857143 0.17142857142857143
plank -0.10714285714285714 -2.6085714285714285 0.2571428571428571 0.12857142857142856
ennemy 0.5021428571428571 0.5442857142857143 0
ennemy 0.4764285714285714 0.42 0
ennemy 0.48857142857142855 0.4585714285714286 0
ennemy 0.475 0.5042857142857143 0
ennemy 0.475 0.5042857142857143 1
ennemy 0.475 0.5042857142857143 2
ennemy 0.475 0.5042857142857143 3
ennemy 0.475 0.5042857142857143 4
spawn 0.21428571428571427 0.5
finish 0.5714285714285714 0.5